800
-0.17205 0.43435 -0.15656
-0.17922 0.43435 -0.1496
-0.17922 0.43435 -0.1496
-0.17922 0.43435 -0.1496
-0.17922 0.41626 -0.12525
-0.17922 0.41626 -0.12525
-0.17922 0.41626 -0.12525
-0.18460001 0.41083 -0.16872999
-0.18460001 0.41083 -0.16872999
-0.18460001 0.41083 -0.16872999
-0.21147999 0.39454 -0.16352001
-0.21147999 0.39454 -0.16352001
-0.21147999 0.40178 -0.14264
-0.21147999 0.40178 -0.14264
-0.21147999 0.40178 -0.14264
-0.20969 0.34205 -0.14438
-0.20969 0.34205 -0.14438
-0.20969 0.34205 -0.14438
-0.18281 0.36558 -0.1496
-0.18281 0.36558 -0.1496
-0.18281 0.36558 -0.1496
-0.31364003 0.17192999 -0.15134
-0.31364003 0.17192999 -0.15134
-0.31364003 0.17192999 -0.15134
-0.23478 0.03439 -0.18961
-0.23478 0.03439 -0.18961
-0.23299001 0.0181 -0.22266
-0.23299001 0.0181 -0.22266
-0.23837 0.09592 -0.18961
-0.23837 0.09592 -0.18961
-0.23837 0.09592 -0.18961
-0.23837 0.09592 -0.18961
-0.26884 0.19908 -0.19135001
-0.26884 0.19908 -0.19135001
-0.26884 0.19908 -0.19135001
-0.27063 0.22623 -0.19308999
-0.27063 0.22623 -0.19308999
-0.33515 0.23708999 -0.42966
-0.33515 0.23708999 -0.42966
-0.33515 0.23708999 -0.42966
-0.33515 0.23708999 -0.42966
-0.30289 0.21175 -0.56535
-0.30289 0.21175 -0.56535
-0.26345998 0.21899 -0.68711
-0.26345998 0.21899 -0.68711
-0.26345998 0.21899 -0.68711
0.10933 0.24794 -0.97935
0.10933 0.24794 -0.97935
0.10933 0.24794 -0.97935
0.33873 0.24069999 -0.98283
0.33873 0.24069999 -0.98283
0.33873 0.24069999 -0.98283
0.39967 0.24432 -0.98283
0.39967 0.24432 -0.98283
0.39967 0.24432 -0.98283
0.55201 0.25699 -0.91846997
0.55201 0.25699 -0.91846997
0.55201 0.25699 -0.91846997
0.61653 0.26060998 -0.85237
0.61653 0.26060998 -0.85237
0.61653 0.26060998 -0.85237
0.66134 0.28776002 -0.79148
0.66134 0.28776002 -0.79148
0.66134 0.28776002 -0.79148
0.65238 0.31129 -0.82453996
0.46060997 0.35291 -0.96196
0.46060997 0.35291 -0.96196
0.46060997 0.35291 -0.96196
0.46060997 0.35291 -0.96196
0.49824 0.48865 -0.92195
0.49824 0.48865 -0.92195
0.49824 0.48865 -0.92195
0.24194999 0.46874 -0.99675
0.24194999 0.46874 -0.99675
0.24194999 0.46874 -0.99675
-0.07886 0.35834 -0.86976004
-0.07886 0.35834 -0.86976004
-0.07886 0.35834 -0.86976004
-0.2312 0.32757998 -0.73234004
-0.2312 0.32757998 -0.73234004
-0.2312 0.32757998 -0.73234004
-0.30468 0.33301002 -0.60883003
-0.30468 0.33301002 -0.60883003
-0.30468 0.33301002 -0.60883003
-0.30468 0.33301002 -0.60883003
-0.33336 0.32215 -0.47663
-0.33336 0.32215 -0.47663
-0.3226 0.33662 -0.34095
-0.3226 0.33662 -0.34095
-0.3226 0.33662 -0.34095
-0.27959 0.38006 -0.19831
-0.27959 0.38006 -0.19831
-0.27959 0.38006 -0.19831
-0.21865 0.43073002 -0.14612
-0.21865 0.43073002 -0.14612
-0.15592 0.43254 -0.09915
-0.15592 0.43254 -0.09915
-0.15592 0.43254 -0.09915
-0.15592 0.43254 -0.09915
0.13979 0.49227 -0.04523
0.13979 0.49227 -0.04523
0.13979 0.49227 -0.04523
0.13979 0.49227 -0.04523
0.2312 0.53389 -0.07828
0.2312 0.53389 -0.07828
0.2312 0.53389 -0.07828
0.33873 0.55561 -0.116550006
0.33873 0.55561 -0.116550006
0.43193 0.55561 -0.1583
0.43193 0.55561 -0.1583
0.43193 0.55561 -0.1583
0.51437 0.57009006 -0.24527
0.51437 0.57009006 -0.24527
0.51437 0.57009006 -0.24527
0.56456 0.56646997 -0.33573002
0.56456 0.56646997 -0.33573002
0.56456 0.56646997 -0.33573002
0.56456 0.56646997 -0.33573002
0.60040003 0.58457 -0.42618
0.60040003 0.58457 -0.42618
0.60578 0.5719 -0.48707
0.60578 0.5719 -0.48707
0.60578 0.5719 -0.48707
0.61474 0.57733 -0.53056
0.61474 0.57733 -0.53056
0.61474 0.57733 -0.53056
0.61474 0.57733 -0.53056
0.62549 0.57371 -0.55490994
0.62549 0.57371 -0.55490994
0.62549 0.57371 -0.55490994
0.62191 0.55561 -0.5897
0.62191 0.55561 -0.5897
0.62191 0.55561 -0.5897
0.62191 0.55561 -0.5897
0.60578 0.57552004 -0.66102004
0.60578 0.57552004 -0.66102004
0.59502 0.53208 -0.75495
0.59502 0.53208 -0.75495
0.51796 0.50494 -0.84715
0.51796 0.50494 -0.84715
0.45344 0.48322 -0.90281
0.45344 0.48322 -0.90281
0.45344 0.48322 -0.90281
0.45523 0.44882998 -0.91151
0.45523 0.44882998 -0.91151
0.45523 0.44882998 -0.91151
0.45523 0.44882998 -0.91151
0.37636998 0.43073002 -0.97066
0.37636998 0.43073002 -0.97066
0.37636998 0.43073002 -0.97066
0.26704 0.41445002 -0.95848
0.26704 0.41445002 -0.95848
0.19714999 0.44159 -0.95673996
0.19714999 0.44159 -0.95673996
0.19714999 0.44159 -0.95673996
0.19714999 0.44159 -0.95673996
0.14159 0.42531 -0.95152
0.14159 0.42531 -0.95152
0.14159 0.42531 -0.95152
0.019709999 0.39997 -0.90281
0.019709999 0.39997 -0.90281
0.019709999 0.39997 -0.90281
0.019709999 0.39997 -0.90281
-0.03405 0.39635 -0.86454
-0.03405 0.39635 -0.86454
-0.03405 0.39635 -0.86454
-0.11291 0.39635 -0.81932
-0.11291 0.39635 -0.81932
-0.11291 0.39635 -0.81932
-0.19177 0.41807002 -0.76017
-0.19177 0.41807002 -0.76017
-0.19177 0.41807002 -0.76017
-0.22224 0.40901998 -0.71321005
-0.22224 0.40901998 -0.71321005
-0.22224 0.40901998 -0.71321005
-0.24016 0.38729998 -0.68536997
-0.24016 0.38729998 -0.68536997
-0.24016 0.38729998 -0.68536997
-0.13442 0.41445002 -0.81236
-0.13442 0.41445002 -0.81236
0.25629002 0.42531 -0.96892
0.25629002 0.42531 -0.96892
0.52513003 0.40359 -0.91673
0.52513003 0.40359 -0.91673
0.52513003 0.40359 -0.91673
0.68821996 0.4054 -0.69233
0.68821996 0.4054 -0.69233
0.68821996 0.4054 -0.69233
0.70972997 0.35834 -0.37922
0.70972997 0.35834 -0.37922
0.70972997 0.35834 -0.37922
0.32798 0.27328 0.01566
0.32798 0.27328 0.01566
0.02151 0.17012 0.0174
0.02151 0.17012 0.0174
0.02151 0.17012 0.0174
-0.19714999 0.08687 -0.11829
-0.19714999 0.08687 -0.11829
-0.19714999 0.08687 -0.11829
-0.19714999 0.08687 -0.11829
-0.32977 0.15202 -0.42792
-0.32977 0.15202 -0.42792
-0.32977 0.15202 -0.42792
-0.26525 0.19546 -0.67842
-0.26525 0.19546 -0.67842
-0.26525 0.19546 -0.67842
-0.17564 0.12307 -0.76190996
-0.24733 0.079629995 -0.64362
-0.24733 0.079629995 -0.64362
-0.29572 0.13936 -0.59665996
-0.29572 0.13936 -0.59665996
-0.29572 0.13936 -0.59665996
-0.3244 0.17192999 -0.41226998
-0.3244 0.17192999 -0.41226998
-0.3244 0.17192999 -0.41226998
-0.24016 0.12669 -0.18091
-0.24016 0.12669 -0.18091
-0.24016 0.12669 -0.18091
-0.103949994 0.15925999 -0.05219
-0.103949994 0.15925999 -0.05219
-0.08065 0.21537 -0.040009998
-0.08065 0.21537 -0.040009998
-0.04839 0.17192999 0.01566
-0.04839 0.17192999 0.01566
-0.04839 0.17192999 0.01566
-0.01255 0.16469 0.012180001
-0.01255 0.16469 0.012180001
-0.01255 0.16469 0.012180001
-0.01792 0.38729998 -0.06262
-0.01792 0.38729998 -0.06262
-0.01792 0.38729998 -0.06262
-0.05735 0.56828004 -0.20874001
-0.13263 0.62257 -0.40704998
-0.13263 0.62257 -0.40704998
-0.13263 0.62257 -0.40704998
-0.053770002 0.62619 -0.63319
-0.053770002 0.62619 -0.63319
-0.053770002 0.62619 -0.63319
-0.053770002 0.62619 -0.63319
0.05197 0.63524 -0.76365
0.05197 0.63524 -0.76365
0.10753 0.60086 -0.82106
0.10753 0.60086 -0.82106
0.10753 0.60086 -0.82106
0.28855 0.51218 -0.91325
0.28855 0.51218 -0.91325
0.28855 0.51218 -0.91325
0.32619 0.38368 -0.93239003
0.32619 0.38368 -0.93239003
0.32619 0.38368 -0.93239003
0.37995002 0.27509 -0.94282
0.37995002 0.27509 -0.94282
0.37995002 0.27509 -0.94282
0.44268 0.16831 -0.88890004
0.44268 0.16831 -0.88890004
0.49645 0.03077 -0.80192
0.49645 0.03077 -0.80192
0.49645 0.03077 -0.80192
0.49824 -0.05429 -0.72364
0.49824 -0.05429 -0.72364
0.44448 -0.08687 -0.72364
0.44448 -0.08687 -0.72364
0.44448 -0.08687 -0.72364
0.43014002 -0.10497 -0.72015995
0.43014002 -0.10497 -0.72015995
0.43014002 -0.10497 -0.72015995
0.38712 -0.1484 -0.68189
0.38712 -0.1484 -0.68189
0.1165 -0.22985001 -0.49923998
0.1165 -0.22985001 -0.49923998
0.1165 -0.22985001 -0.49923998
0.1165 -0.22985001 -0.49923998
0.037639998 -0.19003 -0.31138
0.037639998 -0.19003 -0.31138
0.04481 -0.17917 -0.30094
0.04481 -0.17917 -0.30094
0.04481 -0.17917 -0.30094
0.05018 -0.17012 -0.25745
0.05018 -0.17012 -0.25745
0.05018 -0.17012 -0.25745
0.100370005 -0.19184 -0.30964002
0.100370005 -0.19184 -0.30964002
0.100370005 -0.19184 -0.30964002
0.07886 -0.19546 -0.26441
0.07886 -0.19546 -0.26441
0.07886 -0.19546 -0.26441
0.07886 -0.19546 -0.26441
0.091400005 -0.15744999 -0.21396
0.091400005 -0.15744999 -0.21396
0.13621001 -0.11221 -0.14612
0.13621001 -0.11221 -0.14612
0.13621001 -0.11221 -0.14612
0.23299001 -0.05791 -0.09393
0.23299001 -0.05791 -0.09393
0.23299001 -0.05791 -0.09393
0.22582 0.0181 -0.0835
0.22582 0.0181 -0.0835
0.29751 0.07239 -0.06958
0.29751 0.07239 -0.06958
0.29751 0.07239 -0.06958
0.35128 0.11221 -0.09046
0.35128 0.11221 -0.09046
0.35128 0.11221 -0.09046
0.32081 0.038009997 -0.067839995
0.32081 0.038009997 -0.067839995
0.32081 0.038009997 -0.067839995
0.32081 0.038009997 -0.067839995
0.22403 -0.117639996 -0.17221001
0.22403 -0.117639996 -0.17221001
0.12187 -0.19908 -0.30616
0.12187 -0.19908 -0.30616
0.12187 -0.19908 -0.30616
-0.10753 -0.12307 -0.5149
-0.10753 -0.12307 -0.5149
-0.10753 -0.12307 -0.5149
-0.20611 0.0561 -0.61753005
-0.20611 0.0561 -0.61753005
-0.20611 0.0561 -0.61753005
-0.20252 0.16107 -0.70451003
-0.20252 0.16107 -0.70451003
-0.08424 0.21537 -0.82975
-0.08424 0.21537 -0.82975
-0.08424 0.21537 -0.82975
-0.08424 0.21537 -0.82975
0.00358 0.4054 -0.86976004
0.00358 0.4054 -0.86976004
0.12187 0.48503 -0.88368
0.12187 0.48503 -0.88368
0.12187 0.48503 -0.88368
0.29393 0.51037 -0.96022
0.29393 0.51037 -0.96022
0.29393 0.51037 -0.96022
0.24733 0.62981 -0.81758004
0.24733 0.62981 -0.81758004
0.24733 0.62981 -0.81758004
0.2312 0.71849 -0.72885996
0.2312 0.71849 -0.72885996
0.10216001 0.71487 -0.70103
0.10216001 0.71487 -0.70103
0.11112 0.72753996 -0.66797996
0.11112 0.72753996 -0.66797996
0.11112 0.72753996 -0.66797996
0.11112 0.72753996 -0.66797996
0.1613 0.72392 -0.67146003
0.1613 0.72392 -0.67146003
0.1613 0.72392 -0.67146003
0.12187 0.70221 -0.61578995
0.12187 0.70221 -0.61578995
0.12187 0.70221 -0.61578995
0.05914 0.70402 -0.61057
0.05914 0.70402 -0.61057
0.05914 0.70402 -0.61057
0.02868 0.69135 -0.60883003
0.02868 0.69135 -0.60883003
0.02868 0.69135 -0.60883003
0.09678 0.65877 -0.70277
0.09678 0.65877 -0.70277
0.09678 0.65877 -0.70277
0.09678 0.65877 -0.70277
0.18998 0.65515 -0.78627
0.18998 0.65515 -0.78627
0.18998 0.65515 -0.78627
0.23837 0.68592 -0.73582
0.23837 0.68592 -0.73582
0.23837 0.68592 -0.73582
0.3244 0.69316 -0.74278
0.3244 0.69316 -0.74278
0.42117998 0.63162 -0.75321
0.42117998 0.63162 -0.75321
0.57352 0.48503 -0.78973997
0.57352 0.48503 -0.78973997
0.57352 0.48503 -0.78973997
0.57352 0.48503 -0.78973997
0.63266 0.27328 -0.78453004
0.63266 0.27328 -0.78453004
0.63266 0.27328 -0.78453004
0.62191 0.13936 -0.72190005
0.62191 0.13936 -0.72190005
0.62191 0.13936 -0.72190005
0.58965003 0.08144 -0.71495
0.58965003 0.08144 -0.71495
0.58965003 0.03077 -0.6732
0.58965003 0.03077 -0.6732
0.58965003 0.03077 -0.6732
0.54126 0.0 -0.6645
0.54126 0.0 -0.6645
0.54126 0.0 -0.6645
0.54126 0.0 -0.6645
0.51975 0.05791 -0.748
0.51975 0.05791 -0.748
0.53229 0.0742 -0.76713
0.53229 0.0742 -0.76713
0.53229 0.0742 -0.76713
0.53229 0.0742 -0.76713
0.53766996 0.050669998 -0.71321005
0.53766996 0.050669998 -0.71321005
0.53766996 0.050669998 -0.71321005
0.55739003 0.0742 -0.70451003
0.55739003 0.0742 -0.70451003
0.55739003 0.0742 -0.70451003
0.55559003 0.0362 -0.66102004
0.55559003 0.0362 -0.66102004
0.55559003 0.0362 -0.66102004
0.53229 0.0018099999 -0.69059
0.509 -0.02172 -0.70277
0.509 -0.02172 -0.70277
0.509 -0.02172 -0.70277
0.40146 0.02534 -0.83149
0.40146 0.02534 -0.83149
0.40146 0.02534 -0.83149
0.28138 0.07058 -0.87498
0.28138 0.07058 -0.87498
0.28138 0.07058 -0.87498
0.19535 0.092300005 -0.90281
0.19535 0.092300005 -0.90281
0.19535 0.092300005 -0.90281
0.19535 0.092300005 -0.90281
0.12546 -0.01086 -0.86976004
0.12546 -0.01086 -0.86976004
0.07348 -0.10678 -0.76713
0.07348 -0.10678 -0.76713
0.07348 -0.10678 -0.76713
0.07348 -0.10678 -0.76713
0.060939997 -0.12307 -0.70972997
0.060939997 -0.12307 -0.70972997
0.060939997 -0.12307 -0.70972997
0.064519994 -0.15925999 -0.6645
0.064519994 -0.15925999 -0.6645
0.064519994 -0.15925999 -0.6645
0.053770002 -0.17012 -0.6471
0.053770002 -0.17012 -0.6471
0.053770002 -0.17012 -0.6471
0.02509 -0.17374 -0.59492
0.02509 -0.17374 -0.59492
0.02509 -0.17374 -0.59492
-0.00896 -0.21175 -0.45054
-0.00896 -0.21175 -0.45054
-0.00896 -0.21175 -0.45054
-0.03943 -0.19184 -0.31659
-0.03943 -0.19184 -0.31659
-0.03943 -0.19184 -0.31659
-0.053770002 -0.1665 -0.28528
-0.053770002 -0.1665 -0.28528
-0.07169 -0.15564 -0.26093
-0.07169 -0.15564 -0.26093
-0.07169 -0.15564 -0.26093
-0.07169 -0.15564 -0.26093
-0.05735 -0.15925999 -0.26789
-0.05735 -0.15925999 -0.26789
-0.04301 -0.21356 -0.35138
-0.04301 -0.21356 -0.35138
-0.04301 -0.21356 -0.35138
0.00538 -0.17555 -0.57926
0.00538 -0.17555 -0.57926
0.00538 -0.17555 -0.57926
0.01434 -0.09773 -0.72712
0.01434 -0.09773 -0.72712
0.07348 -0.0018099999 -0.86107004
0.07348 -0.0018099999 -0.86107004
0.07348 -0.0018099999 -0.86107004
0.21507001 0.10497 -0.93934005
0.21507001 0.10497 -0.93934005
0.32977 0.2027 -0.96022
0.32977 0.2027 -0.96022
0.32977 0.2027 -0.96022
0.32977 0.2027 -0.96022
0.18819 0.53751004 -0.89934003
0.18819 0.53751004 -0.89934003
0.18819 0.53751004 -0.89934003
-0.00717 0.67325 -0.5149
-0.00717 0.67325 -0.5149
-0.00717 0.67325 -0.5149
-0.07169 0.52484 -0.15656
-0.07169 0.52484 -0.15656
-0.07169 0.52484 -0.15656
0.103949994 0.31129 0.0174
0.103949994 0.31129 0.0174
0.103949994 0.31129 0.0174
0.103949994 0.31129 0.0174
-0.05914 0.17555 -0.012180001
-0.05914 0.17555 -0.012180001
-0.20252 0.048860002 -0.13742
-0.20252 0.048860002 -0.13742
-0.20252 0.048860002 -0.13742
-0.20252 0.048860002 -0.13742
-0.21865 -0.014479999 -0.26789
-0.21865 -0.014479999 -0.26789
-0.21865 -0.014479999 -0.26789
-0.2545 0.079629995 -0.26093
-0.2545 0.079629995 -0.26093
-0.2545 0.079629995 -0.26093
-0.25271 0.12488 -0.21396
-0.25271 0.12488 -0.21396
-0.25271 0.12488 -0.21396
-0.23837 0.17555 -0.15134
-0.21865 0.23888999 -0.1322
-0.21865 0.23888999 -0.1322
-0.21865 0.23888999 -0.1322
-0.05914 0.21899 -0.02957
-0.05914 0.21899 -0.02957
-0.05914 0.21899 -0.02957
0.091400005 0.21537 -0.00174
0.091400005 0.21537 -0.00174
0.091400005 0.21537 -0.00174
0.18102 0.25518 -0.01566
0.18102 0.25518 -0.01566
0.18102 0.25518 -0.01566
0.18102 0.25518 -0.01566
0.23837 0.25518 -0.022610001
0.23837 0.25518 -0.022610001
0.17742999 0.13574001 0.022610001
0.17742999 0.13574001 0.022610001
0.17742999 0.13574001 0.022610001
0.02509 -0.08687 -0.11481
0.02509 -0.08687 -0.11481
0.02509 -0.08687 -0.11481
-0.1165 -0.13936 -0.34617
-0.1165 -0.13936 -0.34617
-0.23837 0.01267 -0.51664
-0.23837 0.01267 -0.51664
-0.23837 0.01267 -0.51664
-0.32977 0.30043 -0.52534
-0.32977 0.30043 -0.52534
-0.20789999 0.56104 -0.4488
-0.20789999 0.56104 -0.4488
-0.20789999 0.56104 -0.4488
-0.20789999 0.56104 -0.4488
-0.066309996 0.68592 -0.42270002
-0.066309996 0.68592 -0.42270002
-0.066309996 0.68592 -0.42270002
-0.123660006 0.65696 -0.44357997
-0.123660006 0.65696 -0.44357997
-0.31902 0.34748 -0.41401002
-0.31902 0.34748 -0.41401002
-0.31902 0.34748 -0.41401002
-0.17026 -0.10678 -0.47489002
-0.17026 -0.10678 -0.47489002
-0.17026 -0.10678 -0.47489002
0.03405 -0.22985001 -0.38096
0.03405 -0.22985001 -0.38096
0.03405 -0.22985001 -0.38096
0.02868 -0.21356 -0.34095
0.02868 -0.21356 -0.34095
0.02868 -0.21356 -0.34095
-0.04481 -0.15021001 -0.30094
-0.04481 -0.15021001 -0.30094
-0.16847 0.12669 -0.104370005
-0.16847 0.12669 -0.104370005
-0.16847 0.12669 -0.104370005
-0.17564 0.41988 -0.14612
-0.17564 0.41988 -0.14612
-0.08782 0.4977 -0.13742
-0.08782 0.4977 -0.13742
-0.08782 0.4977 -0.13742
-0.08782 0.4977 -0.13742
-0.28676 0.25337 -0.56013
-0.28676 0.25337 -0.56013
-0.28676 0.25337 -0.56013
0.07527 0.17736 -0.91846997
0.07527 0.17736 -0.91846997
0.10753 -0.04344 -0.81062
0.10753 -0.04344 -0.81062
0.10753 -0.04344 -0.81062
-0.31902 0.26785 -0.58448
-0.31902 0.26785 -0.58448
0.14517 0.33481 -0.95848
0.14517 0.33481 -0.95848
0.14517 0.33481 -0.95848
0.14517 0.33481 -0.95848
0.31364003 0.19364999 -0.96544
0.31364003 0.19364999 -0.96544
0.31364003 0.19364999 -0.96544
0.37816 0.06334 -0.89585996
0.37816 0.06334 -0.89585996
0.37816 0.06334 -0.89585996
0.33336 0.115830004 -0.96718
0.33336 0.115830004 -0.96718
0.33336 0.115830004 -0.96718
0.14517 0.13936 -0.94803995
0.14517 0.13936 -0.94803995
-0.15413001 0.0362 -0.69929
-0.15413001 0.0362 -0.69929
-0.15413001 0.0362 -0.69929
-0.15413001 0.0362 -0.69929
-0.26345998 -0.016290002 -0.43662
-0.26345998 -0.016290002 -0.43662
-0.26345998 -0.016290002 -0.43662
-0.11112 0.0 -0.100889996
-0.11112 0.0 -0.100889996
-0.11112 0.0 -0.100889996
0.17026 0.09592 0.02609
0.17026 0.09592 0.02609
0.17026 0.09592 0.02609
0.43193 0.38911 -0.057400003
0.43193 0.38911 -0.057400003
0.43193 0.38911 -0.057400003
0.70435 0.45426002 -0.41575
0.70435 0.45426002 -0.41575
0.70435 0.45426002 -0.41575
0.72765005 0.44520998 -0.56013
0.72765005 0.44520998 -0.56013
0.68821996 0.44520998 -0.67842
0.68821996 0.44520998 -0.67842
0.66313 0.40178 -0.76887
0.66313 0.40178 -0.76887
0.66313 0.40178 -0.76887
0.63624 0.40721 -0.82627004
0.63624 0.40721 -0.82627004
0.63624 0.40721 -0.82627004
0.66492 0.41445002 -0.77757
0.66492 0.41445002 -0.77757
0.66492 0.41445002 -0.77757
0.70077 0.42531 -0.40183
0.70077 0.42531 -0.40183
0.51258004 0.44159 -0.14612
0.51258004 0.44159 -0.14612
0.51258004 0.44159 -0.14612
0.51258004 0.44159 -0.14612
0.50541 0.45245 -0.121769994
0.50541 0.45245 -0.121769994
0.48211 0.42169002 -0.10263
0.48211 0.42169002 -0.10263
0.48211 0.42169002 -0.10263
0.73840004 0.3511 -0.54273
0.73840004 0.3511 -0.54273
0.73840004 0.3511 -0.54273
0.69539 0.4235 -0.36878
0.17026 0.32034 0.02957
0.17026 0.32034 0.02957
0.17026 0.32034 0.02957
0.17026 0.32034 0.02957
0.11829 0.24250999 0.03827
0.11829 0.24250999 0.03827
0.037639998 0.39273 0.01566
0.037639998 0.39273 0.01566
0.037639998 0.39273 0.01566
0.037639998 0.4434 0.00174
0.037639998 0.4434 0.00174
0.037639998 0.4434 0.00174
0.037639998 0.4434 0.00174
0.02151 0.43797 -0.0174
0.02151 0.43797 -0.0174
0.02151 0.43797 -0.0174
0.14517 0.38187 0.019129999
0.14517 0.38187 0.019129999
0.14517 0.38187 0.019129999
0.14517 0.38187 0.019129999
0.33694 0.14478 0.00348
0.33694 0.14478 0.00348
0.33694 0.14478 0.00348
0.72406 0.26423 -0.42097
0.72406 0.26423 -0.42097
0.74736 0.24432 -0.53751004
0.74736 0.24432 -0.53751004
0.74736 0.24432 -0.53751004
0.74736 0.24432 -0.53751004
0.70792997 0.21175 -0.64536
0.70792997 0.21175 -0.64536
0.66134 0.17192999 -0.73582
0.66134 0.17192999 -0.73582
0.66134 0.17192999 -0.73582
0.66134 0.17192999 -0.73582
0.71690005 0.22804 -0.67842
0.71690005 0.22804 -0.67842
0.71690005 0.22804 -0.67842
0.6918 0.37282002 -0.74104
0.6918 0.37282002 -0.74104
0.67388 0.50313 -0.58796
0.67388 0.50313 -0.58796
0.67388 0.50313 -0.58796
0.65058 0.53027004 -0.61405
0.65058 0.53027004 -0.61405
0.66134 0.51941997 -0.65232
0.66134 0.51941997 -0.65232
0.66134 0.51941997 -0.65232
0.66134 0.48684 -0.69755
0.66134 0.48684 -0.69755
0.66134 0.48684 -0.69755
0.73303 0.34567 -0.47141
0.63624 0.3131 -0.25571
0.63624 0.3131 -0.25571
0.63624 0.3131 -0.25571
0.63624 0.3131 -0.25571
0.60219 0.3511 -0.18439
0.60219 0.3511 -0.18439
0.61474 0.38549 -0.19657001
0.61474 0.38549 -0.19657001
0.61474 0.38549 -0.19657001
0.68105 0.39816 -0.32703
0.68105 0.39816 -0.32703
0.68105 0.39816 -0.32703
0.72227 0.43254 -0.51664
0.72227 0.43254 -0.51664
0.68821996 0.49227 -0.67842
0.68821996 0.49227 -0.67842
0.68821996 0.49227 -0.67842
0.6936 0.47598 -0.65928
0.6936 0.47598 -0.65928
0.71152 0.38187 -0.40183
0.71152 0.38187 -0.40183
0.71152 0.38187 -0.40183
0.60040003 0.2588 -0.18265
0.60040003 0.2588 -0.18265
0.60040003 0.2588 -0.18265
0.29034 0.28232998 0.05914
0.29034 0.28232998 0.05914
0.29572 0.3131 0.05045
0.29572 0.3131 0.05045
0.29572 0.3131 0.05045
0.35307002 0.30948 0.03305
0.35307002 0.30948 0.03305
0.35307002 0.30948 0.03305
0.65417 0.28052 -0.25919
0.65417 0.28052 -0.25919
0.65417 0.28052 -0.25919
0.65417 0.28052 -0.25919
0.71690005 0.30767003 -0.53229
0.71690005 0.30767003 -0.53229
0.71690005 0.30767003 -0.53229
0.72944 0.32757998 -0.57926
0.72944 0.32757998 -0.57926
0.67746997 0.34385997 -0.75148
0.67746997 0.34385997 -0.75148
0.67746997 0.34385997 -0.75148
0.647 0.36739 -0.79496
0.647 0.36739 -0.79496
0.647 0.36739 -0.79496
0.69718 0.3312 -0.7393
0.69718 0.3312 -0.7393
0.69718 0.3312 -0.7393
0.69718 0.3312 -0.7393
0.68105 0.29681 -0.74104
0.68105 0.29681 -0.74104
0.71331 0.29319 -0.70972997
0.71331 0.29319 -0.70972997
0.61115 -0.0018099999 -0.67667997
0.61115 -0.0018099999 -0.67667997
0.61115 -0.0018099999 -0.67667997
0.33515 -0.18279 -0.64189
0.33515 -0.18279 -0.64189
0.33515 -0.18279 -0.64189
0.22761 -0.20089 -0.63841
0.22761 -0.20089 -0.63841
0.22761 -0.20089 -0.63841
0.22761 -0.20089 -0.63841
0.41221 -0.17374 -0.59144
0.41221 -0.17374 -0.59144
0.70972997 0.11221 -0.52186
0.70972997 0.11221 -0.52186
0.70972997 0.11221 -0.52186
0.72047997 0.115830004 -0.52186
0.72047997 0.115830004 -0.52186
0.72047997 0.115830004 -0.52186
0.72047997 0.115830004 -0.52186
0.71869 0.13212 -0.56187
0.71869 0.13212 -0.56187
0.71869 0.13212 -0.56187
0.74019 0.25156 -0.5236
0.74019 0.25156 -0.5236
0.74019 0.25156 -0.5236
0.70614004 0.12669 -0.53925
0.70614004 0.12669 -0.53925
0.47314999 -0.14478 -0.60188
0.47314999 -0.14478 -0.60188
0.26345998 -0.21175 -0.62101
0.26345998 -0.21175 -0.62101
0.26345998 -0.21175 -0.62101
0.26345998 -0.21175 -0.62101
0.13263 -0.19546 -0.60536
0.13263 -0.19546 -0.60536
0.13263 -0.19546 -0.60536
0.04839 -0.19727 -0.5723
0.04839 -0.19727 -0.5723
0.04839 -0.19727 -0.5723
0.060939997 -0.2027 -0.57056
0.060939997 -0.2027 -0.57056
0.27959 -0.2027 -0.60188
0.27959 -0.2027 -0.60188
0.509 -0.09773 -0.60536
0.509 -0.09773 -0.60536
0.509 -0.09773 -0.60536
0.63445 -0.0036199999 -0.58796
0.63445 -0.0036199999 -0.58796
0.63445 -0.0036199999 -0.58796
0.65954 0.032580003 -0.5984
0.65954 0.032580003 -0.5984
0.65954 0.032580003 -0.5984
0.66313 0.0181 -0.61231
0.66313 0.0181 -0.61231
0.66313 0.0181 -0.61231
0.70435 0.09592 -0.61057
0.70435 0.09592 -0.61057
0.65775 0.038009997 -0.61753005
0.65775 0.038009997 -0.61753005
0.65775 0.038009997 -0.61753005
0.62191 -0.01267 -0.62448996
0.62191 -0.01267 -0.62448996
0.62191 -0.01267 -0.62448996
0.59861 -0.04706 -0.61231
0.59861 -0.04706 -0.61231
0.59861 -0.04706 -0.61231
0.63087 0.0036199999 -0.61231
0.63087 0.0036199999 -0.61231
0.68284005 0.07058 -0.59665996
0.68284005 0.07058 -0.59665996
0.72944 0.20450999 -0.56187
0.72944 0.20450999 -0.56187
0.72944 0.20450999 -0.56187
0.72944 0.20450999 -0.56187
0.74019 0.32034 -0.57926
0.74019 0.32034 -0.57926
0.74019 0.32034 -0.57926
0.72586 0.39997 -0.54446995
0.72586 0.39997 -0.54446995
0.72586 0.39997 -0.54446995
0.72586 0.39997 -0.54446995
0.70256 0.45607 -0.55316997
0.70256 0.45607 -0.55316997
0.6918 0.50313 -0.56013
0.6918 0.50313 -0.56013
0.6918 0.50313 -0.56013
0.67746997 0.52123 -0.57404
0.67746997 0.52123 -0.57404
0.67746997 0.52123 -0.57404
0.67746997 0.52123 -0.57404
0.68105 0.5357 -0.5984
0.68105 0.5357 -0.5984
0.68105 0.5357 -0.5984
0.67566997 0.52304 -0.62101
0.67566997 0.52304 -0.62101
0.66671 0.52123 -0.61927
0.66671 0.52123 -0.61927
0.66671 0.52123 -0.61927
0.66313 0.54294 -0.62275
0.66313 0.54294 -0.62275
0.66313 0.54294 -0.62275
0.64879 0.56828004 -0.61231
0.64879 0.56828004 -0.61231
0.64879 0.56828004 -0.61231
0.62011 0.61534005 -0.5984
0.62011 0.61534005 -0.5984
0.62011 0.61534005 -0.5984
0.5771 0.65153 -0.56360996
0.5771 0.65153 -0.56360996
0.5771 0.65153 -0.56360996
0.49824 0.69496995 -0.59144
0.42835 0.73297 -0.59665996
0.42835 0.73297 -0.59665996
0.42835 0.73297 -0.59665996
0.38533 0.75107 -0.56535
0.38533 0.75107 -0.56535
0.38533 0.75107 -0.56535
0.34949 0.75107 -0.56883
0.34949 0.75107 -0.56883
0.34410998 0.75288 -0.56709003
0.34410998 0.75288 -0.56709003
0.34410998 0.75288 -0.56709003
0.34232 0.75831 -0.56535
0.34232 0.75831 -0.56535
0.31364003 0.76193 -0.57926
0.31364003 0.76193 -0.57926
0.31364003 0.76193 -0.57926
0.28138 0.76193 -0.57926
0.28138 0.76193 -0.57926
0.28138 0.76193 -0.57926
0.21865 0.76736 -0.54621005
0.21865 0.76736 -0.54621005
0.18460001 0.75831 -0.53751004
0.18460001 0.75831 -0.53751004
0.18460001 0.75831 -0.53751004
0.17026 0.75107 -0.54446995
0.17026 0.75107 -0.54446995
0.20432001 0.76736 -0.55316997
0.20432001 0.76736 -0.55316997
0.20432001 0.76736 -0.55316997
0.26345998 0.76193 -0.50968
0.26345998 0.76193 -0.50968
0.26345998 0.76193 -0.50968
0.26345998 0.76193 -0.50968
0.24374 0.75288 -0.44532
0.24374 0.75288 -0.44532
0.24374 0.75288 -0.44532
0.1613 0.76736 -0.45923
0.1613 0.76736 -0.45923
0.1613 0.76736 -0.45923
0.1613 0.76736 -0.45923
0.13979 0.76374 -0.47663
0.13979 0.76374 -0.47663
0.18819 0.73659 -0.39835
0.18819 0.73659 -0.39835
0.18819 0.73659 -0.39835
0.16847 0.74926 -0.36878
0.16847 0.74926 -0.36878
0.16847 0.74926 -0.36878
0.10933 0.74021 -0.46097
0.10933 0.74021 -0.46097
